time,seconds_elapsed,z,y,x
1772558648463538000,0.067537841796875,0.08027356015443801,-0.009142753471760079,0.017506166876276257
1772558648483451000,0.087450927734375,0.03912497268617153,-0.01692909649903886,0.01873476567302714
1772558648503362800,0.10736279296875,0.08297054415345191,0.0037092480477876957,0.020838235050078945
1772558648523276000,0.127276123046875,0.04406535169780254,0.006995028252806514,0.021707937406562267
1772558648543188000,0.14718798828125,0.08042845845520497,0.024556339974468572,0.0037927227968699295
1772558648563100200,0.16710009765625,0.0629202742934227,0.03302955102105625,-0.0007029309548321179
1772558648583013000,0.18701318359375,0.0680044456899166,0.012585696999868378,-0.01692256058533094
1772558648602925000,0.206925048828125,0.06530979977846145,-0.003398072339920327,-0.006767787376680644
1772558648622838000,0.226838134765625,0.061119946873188016,-0.004766611613612622,-0.0008107683936133981
1772558648642750000,0.24675,0.07324117729961872,-0.010957913134945556,0.009764954190445131
1772558648662663000,0.266662841796875,0.06785246999859809,-0.023801694815419612,0.021742175319592934
1772558648682575000,0.2865751953125,0.0530383472263813,0.010270926384627819,0.014127153146563796
1772558648702488000,0.306488037109375,0.04600713341534138,-0.016711581290839238,0.04014233760174829
1772558648722400000,0.32639990234375,0.0675555328786373,0.010634343736385925,0.03137793875597417
1772558648742313000,0.34631298828125,0.05079787482321262,-0.008075818359991535,0.019339240080420858
1772558648762225000,0.366224853515625,0.07309270873963833,-0.012611552960332482,0.01653708324045874
1772558648782138000,0.38613818359375,0.06725625767111777,0.0019665234331507236,-0.020776547441119328
1772558648802050000,0.406050048828125,0.05483750560283661,-0.01025777464210987,0.0025688561158080116
1772558648821962200,0.425962158203125,0.06695756698548794,0.01210373130235821,0.004137666060309857
1772558648841875200,0.445875244140625,0.05124386502504349,0.02065806302744895,0.015484924431069521
1772558648861787100,0.465787109375,0.06889934870302676,0.014587401344254613,0.00048746499817934816
1772558648881700000,0.4857001953125,0.048697103151679036,-0.01233023353461176,0.005406797226026537
1772558648901612000,0.505612060546875,0.06665595369040965,-0.00884667486832477,0.03367275571186328
1772558648921525000,0.52552490234375,0.07114683536887169,-0.0071198236762546,0.009894872171938187
1772558648941437000,0.54543701171875,0.05947451775372028,0.0007636687157209963,0.02250563397275982
1772558648961350000,0.565349853515625,0.07503507497906685,-0.004767433597519993,0.012711732249043416
1772558648981262000,0.585261962890625,0.05648001211285591,-0.005490779436007142,0.00654210826997878
1772558649001175000,0.605175048828125,0.08386252455711364,0.009895261472649871,0.012252574321674183
1772558649021087000,0.6250869140625,0.03971826240420341,-0.0011999869069084525,0.0029170530655479522
1772558649041000000,0.645,0.057226446565985675,0.002435282589215785,0.014903513522143474
1772558649060911900,0.664911865234375,0.0775771606773138,0.0003562295591458678,0.03222318252463592
1772558649080823800,0.68482373046875,0.06515723956525325,-0.012821122324094176,0.00016156436192686668
1772558649100737000,0.704737060546875,0.05857201595604419,0.00011437449413351714,0.030038885871670206
1772558649120649200,0.724649169921875,0.06665127751529216,0.015415312668913975,0.05435809262201655
1772558649140562200,0.744562255859375,0.04226034810245037,-0.0054183078548405315,0.019752474223542957
1772558649160474000,0.76447412109375,0.06620294922590256,-0.018014106123615054,0.029838157401490022
1772558649180387000,0.784386962890625,0.0766793350547552,-0.01058074125247076,0.025922315115027593
1772558649200299000,0.804299072265625,0.0660568187534809,-0.017053773191478102,0.04051445428319275
1772558649220212000,0.8242119140625,0.05707914704978466,-0.004715602945582941,-0.002895079837401863
1772558649240124000,0.8441240234375,0.05977379296123981,0.007744321383303031,0.009587822366628097
1772558649260036900,0.864036865234375,0.059625908923149104,0.010519658714998513,0.019678883830946868
1772558649279949000,0.883948974609375,0.06336977162659167,0.005119169644638896,0.0012870053199469111
1772558649299861000,0.903861083984375,0.05873042138814926,0.0035178445283789187,-0.0015264891897153574
1772558649319774000,0.92377392578125,0.06217208627462387,0.003964857643516734,-0.006450474188971565
1772558649339686000,0.943685791015625,0.06097498544454574,0.011175903267180546,0.015738134290446758
1772558649359599000,0.96359912109375,0.07623919007182121,0.00786357298195362,-0.00031866603622329417
1772558649379511000,0.983510986328125,0.06681260555684566,-0.007324205408245325,0.0076664041587500825
1772558649399424000,1.003424072265625,0.05065115982890129,0.011543503603711723,0.025699004920281
1772558649419335400,1.02333544921875,0.06172375798523426,-0.007513398704258724,0.03469337888031732
1772558649439248400,1.043248291015625,0.05858136830627918,0.012834447596548124,0.013761678551748627
1772558649459160300,1.063160400390625,0.050201662495732303,-0.008993846520362421,0.025011860623047687
1772558649479073500,1.083073486328125,0.0467599976092577,-0.002873509609699249,0.014697806341102113
1772558649498985500,1.1029853515625,0.06367021587789058,-0.0018501213787123559,0.015464882865105755
1772558649518897400,1.1228974609375,0.08447042732238769,0.0004650876279454678,0.0046631946216220965
1772558649538810400,1.142810302734375,0.06082651688456535,-0.002512119818245992,0.003919993305194657
1772558649558722600,1.16272265625,0.05364215833842754,0.017455166199756785,0.00861874215574353
1772558649578635500,1.182635498046875,0.05454173752665519,0.018490591928409413,0.01462880764194415
1772558649598547500,1.20254736328125,0.07698971617817878,0.007923787869745865,0.005119538395752897
1772558649618460400,1.22246044921875,0.05648936446309089,0.0016268431500066072,0.005601265489601064
1772558649638372400,1.242372314453125,0.05259761772155761,0.0038130737484432754,0.010764311950228875
1772558649658285300,1.262285400390625,0.0799824682533741,-0.018747233570599927,0.009791044187993975
1772558649678197500,1.282197509765625,0.06367255396544932,-0.007357605354348197,0.014187078056699828
1772558649698109400,1.302109375,0.05783668741881847,-0.00674957472491078,0.015408173967007313
1772558649718022400,1.3220224609375,0.07025602400898932,0.013583512398181482,0.019425438792840578
1772558649737934300,1.341934326171875,0.05005260941386223,0.007816391105670482,0.01330445685313898
1772558649757847300,1.361847412109375,0.07818447892069816,-0.020461115683242676,0.02074318859421182
1772558649777759200,1.38175927734375,0.05618716664612293,-0.003017722119670361,0.01993177631320432
1772558649797672400,1.40167236328125,0.06022796646952629,-0.02147975467387587,0.0205111516703153
1772558649817584600,1.421584716796875,0.07444236978292465,-0.002311226951284334,0.009677912944520358
1772558649837497600,1.44149755859375,0.06860825680196285,-0.010133673338405787,0.009900072361796628
1772558649857409500,1.461409423828125,0.057385436519980425,-0.0026971392626408486,-0.020799106332799418
1772558649877321500,1.481321533203125,0.06965455098450184,-0.001674180289916694,0.010622872494300826
1772558649897234400,1.501234375,0.03060088996887207,0.01100863867518492,0.005898529119836166
1772558649917146400,1.521146484375,0.06980652667582035,0.014654712693113832,0.004406493613927159
1772558649937059300,1.541059326171875,0.07234802785217762,0.00666187817514874,0.00999634608530323
1772558649956971500,1.560971435546875,0.04062427133321762,0.0038871892974246293,0.01576797116464004
1772558649976884500,1.580884521484375,0.07174830839335918,0.006046385758463293,0.01657847241348354
1772558649996796400,1.60079638671875,0.042568975660204886,-0.0029395423169247805,0.009870922757481457
1772558650016708400,1.620708251953125,0.06187222654521465,-0.0011405574704054743,0.014967912536353104
1772558650036621300,1.640621337890625,0.08012684516012668,-0.004697062641894445,0.019118581925419858
1772558650056533200,1.660533203125,0.04840425768494606,-0.01796897007394582,0.008236098372063133
1772558650076446500,1.680446533203125,0.05319383004903793,0.01722742185848765,0.027761273495620114
1772558650096358700,1.700358642578125,0.07324526895284653,0.00763909831000492,0.0038628562904777933
1772558650116271600,1.720271728515625,0.060226797425746915,0.01617172052678652,-0.013254050973308038
1772558650136183600,1.74018359375,0.091650109693408,0.02683841389650479,0.004456228206900414
1772558650156096500,1.760096435546875,0.07264262688457965,0.00038562918356619774,-0.009798386102588846
1772558650176008400,1.780008544921875,0.05872691425681114,-0.017788581138895823,0.010867179811303503
1772558650195920400,1.79992041015625,0.056931847533583636,-0.022750550927827132,0.02384737885436043
1772558650215833300,1.819833251953125,0.06426409011781216,-0.029891061199083923,0.019950277800986075
1772558650235745500,1.83974560546875,0.05064765269756317,-0.005137974809808656,0.04799913834962062
1772558650255658500,1.859658447265625,0.06875263370871544,0.0009550448356661945,0.017343940360646227
1772558650275570400,1.8795703125,0.05618365951478481,0.0013662833845242857,0.010403051164583302
1772558650295483400,1.8994833984375,0.07907996645569801,-0.01943861336824484,-0.014422904098080471
1772558650315395300,1.919395263671875,0.06202127962708473,-0.0007599332555197179,-0.0004164615716028493
1772558650335307300,1.939307373046875,0.04930325235128402,0.018081189143611117,-0.0029847948143142274
1772558650355220200,1.95922021484375,0.061572366815805434,0.015262661124160512,-0.007501040404540253
1772558650375132400,1.97913232421875,0.06785714617371559,0.017665219620708376,-0.0035498060026438903
1772558650395045600,1.999045654296875,0.055282911282777784,0.005407859526062384,-0.006673230686224997
1772558650414958000,2.0189580078125,0.04495908566713333,-0.02130189562262967,0.019118347888335118
1772558650434871000,2.03887109375,0.06531038430035115,-0.0026458931325934825,0.03241924166956451
1772558650454783000,2.058782958984375,0.058875382816791534,-0.01787057860023342,0.02233119985446101
1772558650474695000,2.07869482421875,0.07698328643739223,-0.014469574517710134,0.012683507376624038
1772558650494608100,2.098608154296875,0.05842530096173286,-0.0181544827086851,0.019685176574415528
1772558650514520000,2.11852001953125,0.06201601893007755,-0.006637419587327167,0.025425955565983895
1772558650534433000,2.13843310546875,0.06695405985414982,-0.019164920126553624,0.005134334106085589
1772558650554345200,2.15834521484375,0.05573065505027771,0.005293622029246762,-0.002981186076632002
1772558650574258200,2.178258056640625,0.062165072011947625,-0.007869080274133012,0.0014593901866988743
1772558650594170000,2.198170166015625,0.07802490444481372,0.020105899904249235,0.008403029603918548
1772558650614082000,2.21808203125,0.04241290831565857,0.01935151960668154,0.0010429080654983409
1772558650633995000,2.2379951171875,0.0524368742018938,0.01068787315506488,0.013344060494453878
1772558650653907000,2.257906982421875,0.0696428605467081,0.022276229680655523,0.004828511568414978
1772558650673820000,2.27781982421875,0.06410743825137614,-0.0016169884762726723,0.005270599629974458
1772558650693732000,2.297732177734375,0.06575286737084389,-0.006524606862617657,0.015007876937271793
1772558650713645000,2.31764501953125,0.07847089464664458,-0.014974774960335344,0.027381756675720677
1772558650733557000,2.337556884765625,0.05213350734114647,-0.03683169238353148,0.016825825637520754
1772558650753469000,2.357468994140625,0.06185995158553123,-0.012093757897615432,0.02834773846393218
1772558650773382000,2.3773818359375,0.07143734274804592,-0.015427962087932973,0.03415852765152231
1772558650793294000,2.397294189453125,0.04674713812768459,0.005982983399741351,0.0015413716650160495
1772558650813207000,2.41720703125,0.06574936023950577,0.016214573287824167,0.01692578230559011
1772558650833119200,2.437119140625,0.07158347322046757,0.01359238069122657,0.009237283904396463
1772558650853032200,2.4570322265625,0.060064300340414045,0.016399894126318395,-0.014014884986192919
1772558650872944000,2.476944091796875,0.0735340227663517,0.010321423596004024,0.0026577639501891097
1772558650892856000,2.49685595703125,0.051536710491776466,-0.008658230490982532,-0.014455563117022393
1772558650912769000,2.51676904296875,0.07323357851505279,0.001756689207907766,0.022395768973673694
1772558650932681000,2.536680908203125,0.06994038218855858,-0.003109957847231999,0.011097616149869281
1772558650952594000,2.556593994140625,0.049587329989671705,-0.003915374212292954,0.024943373380543195
1772558650972506000,2.576506103515625,0.08146072411239147,-0.0018303846317809073,0.03325404852589126
1772558650992418000,2.59641796875,0.06963759984970093,0.003285670607164502,0.002235900117683923
1772558651012331000,2.6163310546875,0.0543757333099842,-0.0065849496145732695,0.013335317782283527
1772558651032243000,2.636242919921875,0.07203297055363654,0.01136674053100869,0.008434075479442252
1772558651052156000,2.656156005859375,0.05213116925358772,0.006271655014855787,0.0065747296146582805
1772558651072068000,2.676068115234375,0.07622340798079967,0.0077299823306966565,0.0005749320774339139
1772558651091980000,2.69597998046875,0.06095861883163452,0.0011291227609384804,-0.002821287373761879
1772558651111893000,2.71589306640625,0.06095803430974483,0.01106743792402558,0.00640061515676789
1772558651131805000,2.735804931640625,0.07218085459172725,0.015233252366585657,-0.017215142332226967
1772558651151718100,2.75571826171875,0.06918693347275257,0.004829447716753929,0.00953513776474283
1772558651171630000,2.775630126953125,0.06379939521551131,0.002050475389556959,0.007513429528655251
1772558651191543000,2.79554296875,0.05362520720362663,-0.011381810235977173,0.02484543399797985
1772558651211455200,2.815455322265625,0.07053367190659046,-0.010734433976840227,0.022619999333738813
1772558651231367200,2.8353671875,0.07577040351629256,-0.02426964112073183,0.019693811972020192
1772558651251280100,2.855280029296875,0.06694295393824577,-0.014653507116716355,0.025165484848758204
1772558651271192000,2.875192138671875,0.06514964078068733,-0.0028145824966952205,-0.0033542137902404646
1772558651291105000,2.89510498046875,0.06096154144108295,-0.007324579867580905,0.00699439692349988
1772558651311017000,2.915016845703125,0.05587152482569217,0.013123183143744244,0.006727695111598586
1772558651330929200,2.93492919921875,0.061709729459881776,0.007631800919538363,0.002029515941563295
1772558651350842000,2.954842041015625,0.07278174309432506,0.0019049568384885787,-0.003076581875659758
1772558651370754000,2.974754150390625,0.05632043763697147,0.011578876311192289,-0.01085954221083084
1772558651390667000,2.9946669921875,0.06155775376856327,-0.00538478004457429,-0.0016146492470696101
1772558651410578400,3.014578369140625,0.060061377730965614,-0.018351302188728005,0.013505934241990326
1772558651430491400,3.034491455078125,0.06425239968001842,0.0014208357165101915,-0.01294283188295667
1772558651450403300,3.0544033203125,0.07352993111312389,-0.006258886864827945,0.005230706011003348
1772558651470315500,3.0743154296875,0.07278174309432506,0.007937378003681078,0.01944177572299959
1772558651490228500,3.094228515625,0.06125730951726436,0.009569965907884762,0.02854403507087845
1772558651510140400,3.114140380859375,0.06529927838444709,-0.00509489371990785,0.015944736520631702
1772558651530053600,3.1340537109375,0.06604629735946654,-0.030694596134312448,0.006356683541851816
1772558651549965600,3.153965576171875,0.0630552988499403,-0.0045435525806155055,0.004009084944310598
1772558651569877500,3.17387744140625,0.0552735589325428,-0.00282089350647293,0.007425679321610369
1772558651589790500,3.19379052734375,0.06963818437159061,0.006995101318042725,-0.006558260253758635
1772558651609702700,3.21370263671875,0.06529927838444709,0.012297509441943839,0.004509328367316629
1772558651629615600,3.23361572265625,0.061708560416102405,0.033049570895778015,-0.00002915074595948681
1772558651649527600,3.253527587890625,0.0735293465912342,0.007419254147401079,-0.000223765710828593
1772558651669439500,3.273439453125,0.07173135725855827,0.020016093595791606,0.004451810043398291
1772558651689352400,3.2933525390625,0.07143149752914905,-0.004449298425903543,0.01187785012461245
1772558651709264600,3.3132646484375,0.05197685547471046,0.0013650412755087018,0.009251821603113785
1772558651729177600,3.333177490234375,0.05317512534856796,-0.009274901084601878,0.016433118259196633
1772558651749089500,3.353089599609375,0.06379881069362163,-0.0026983996379654853,0.017982237122539664
1772558651769001500,3.37300146484375,0.07367430801987647,-0.008056903596967459,0.02716172756673768
1772558651788914400,3.39291455078125,0.06155249307155609,-0.0004503375833854079,0.025951529793068764
1772558651808826400,3.412826416015625,0.05496551589667797,-0.008944061695039272,0.013455160752689698
1772558651828739300,3.4327392578125,0.07845803516507148,0.006093668099446222,0.004429130137420725
1772558651848651500,3.452651611328125,0.0492781179100275,0.02467444992880337,-0.002281019042688422
1772558651868563500,3.4725634765625,0.08145137176215649,0.004344093618914485,0.027881228347169235
1772558651888476700,3.4924765625,0.04957797763943672,0.019119674479030072,-0.012435593605227767
1772558651908388600,3.512388671875,0.06917933468818664,0.00795730654685758,0.00018775596581981516
1772558651928301600,3.532301513671875,0.059601359003782266,-0.0004240340983495116,0.0037076919865852687
1772558651948213500,3.552213623046875,0.06663432638049126,-0.00047147170295938845,0.012506228280690266
1772558651968125700,3.572125732421875,0.06394260307848453,-0.001214033698569983,-0.006701540040323743
1772558651988038700,3.59203857421875,0.06872983735501766,-0.007268082173680886,0.021340161256806458
1772558652007950600,3.61195068359375,0.06468845300972462,-0.001618148386897519,0.0194672777737258
1772558652027863600,3.631863525390625,0.06274257963895798,-0.010460576338367536,0.02501011162395589
1772558652047775500,3.651775390625,0.06813011789619922,0.014120066960295661,0.005263315939239691
1772558652067687400,3.6716875,0.06020049394071102,-0.014125199793139472,0.004656756889325334
1772558652087600400,3.691600341796875,0.05451601856350898,0.010579901002254337,0.017615524985286173
1772558652107512600,3.7115126953125,0.05526303753852844,0.005192125282995403,0.0184553676346899
1772558652127425500,3.731425537109375,0.06004968729317188,0.0010222557198256254,-0.01443366980397841
1772558652147337500,3.75133740234375,0.07246843936145306,0.012273123919358477,0.009155675743770552
1772558652167249400,3.77124951171875,0.05675941357612609,-0.003583466243650764,0.0011128703124588355
1772558652187162400,3.791162353515625,0.06858253783881664,0.004707730166381225,-0.003135474739334313
1772558652207074300,3.81107421875,0.06394435664415359,0.011185493079433216,0.016208618471072987
1772558652226987500,3.830987548828125,0.07396890705227852,0.008215838752035052,0.017550145298609276
1772558652246899700,3.850899658203125,0.0462847813129425,0.015070627417089416,0.030230120427720247
1772558652266811600,3.870811767578125,0.07247428458034992,0.003983708474459126,0.020545937572617547
1772558652286724600,3.890724609375,0.05691138926744461,0.011403437545895576,0.01625288344612927
1772558652306636500,3.910636474609375,0.060953358134627336,0.013520173971541226,-0.0015299209725286346
1772558652326548500,3.930548583984375,0.06499298891425133,0.001672444990556687,0.002035872617113637
1772558652346461400,3.95046142578125,0.05272153636217117,0.004800038959179073,0.009106879582424881
1772558652366373600,3.97037353515625,0.07037760456204414,0.005174845354631543,0.04186161284213885
1772558652386286600,3.99028662109375,0.06364566595852375,0.0012131386494264006,0.015953325110819424
1772558652406198800,4.01019873046875,0.06035539224147796,0.0018033322280738501,0.012746543267520609
1772558652426110700,4.03011083984375,0.07756196310818195,-0.01137598328338936,0.001645880068972474
1772558652446023700,4.050023681640625,0.06559446193873882,-0.012167444188334047,0.0014623641701415181
1772558652465935600,4.069935546875,0.0718780722528696,0.003695009459881112,0.007394779576559085
1772558652485848800,4.089848876953125,0.05961012683212757,-0.000890665229409933,0.010872297802771208
1772558652505761000,4.109760986328125,0.04868599723577499,0.0029392226565163582,0.013706232312263455
1772558652525673000,4.1296728515625,0.07202887890040874,0.0029644484293181446,0.015177140548464375
1772558652545586000,4.1495859375,0.053176294392347334,0.014914185613207518,-0.0169955778724805
1772558652565497900,4.169497802734375,0.06544540885686874,-0.0047016018196940415,0.010161885652737691
1772558652585410800,4.189410888671875,0.0681400547683239,-0.006350072279619053,0.020728582396835553
1772558652605322800,4.20932275390625,0.0564671526312828,-0.005325122279208153,0.006199298739765072
1772558652625235000,4.22923486328125,0.06125438690781593,0.008830417853267863,0.01435350239847903
1772558652645148000,4.24914794921875,0.053771922197937964,-0.0018557748013641685,-0.010966200331033906
1772558652665059800,4.269059814453125,0.05227846876978874,0.0018679492963477968,0.014733793253224575
1772558652684971800,4.2889716796875,0.08190496074855327,-0.004066473120776936,0.009229511589894537
1772558652704884700,4.308884765625,0.05766425346136093,-0.0020962964258156714,0.02390147909519728
1772558652724796700,4.328796630859375,0.05991174012720585,-0.011956623582402244,0.005291513412195491
1772558652744709600,4.348709716796875,0.053477323165535925,-0.011963583046151324,0.002612931577907875
1772558652764621800,4.368621826171875,0.07038812595605849,-0.0017946465981192885,-0.00859769480113755
1772558652784533800,4.38853369140625,0.054526539957523344,-0.0009564513414632528,0.021189678836253004
1772558652804446700,4.40844677734375,0.0696428605467081,0.01655506642172113,0.005793457885232055
1772558652824358700,4.428358642578125,0.05168810166120529,0.015645504695596172,-0.009860315740143413
1772558652844271900,4.44827197265625,0.05348141481876373,-0.0022208361209370194,0.01322709446772351
1772558652864183800,4.468183837890625,0.07981587951481342,0.009064674133714288,0.010479158882895717
1772558652884096000,4.488095947265625,0.061708560416102405,0.008820663644233718,0.023979722830024548
1772558652904009000,4.508009033203125,0.060361821982264516,-0.009007281390670686,0.012891893996874569
1772558652923921000,4.5279208984375,0.056468321675062175,-0.00014920834549702702,0.020149862343561833
1772558652943832800,4.547832763671875,0.06185469088852405,0.003083152038697153,0.016106268916517726
1772558652963745800,4.567745849609375,0.06783727242946624,-0.001996197052206844,0.01176614479488926
1772558652983657700,4.58765771484375,0.07561784330308437,-0.00453041910440661,0.0016729838466737418
1772558653003570700,4.60757080078125,0.0627501784235239,0.016020155827421695,0.014442791542061604
1772558653023483000,4.62748291015625,0.05646539906561374,0.012242536984849721,0.018585492253804112
1772558653043394800,4.647394775390625,0.07546879022121429,-0.004465144449006766,0.01943644424404483
1772558653063307800,4.667307861328125,0.07097966210842133,-0.0008371814765036105,-0.0008864925194357056
1772558653083219700,4.6872197265625,0.06843699188828468,0.007875692678010091,-0.0019090610498038586
1772558653103131600,4.707131591796875,0.05302373417913914,0.0015271821678150444,-0.014396060615283203
1772558653123044600,4.727044677734375,0.06888532017767429,0.007645546317100524,-0.0005943525888898875
1772558653142956800,4.746956787109375,0.06993219888210296,0.0028368491274304687,-0.002383787580707576
1772558653162869800,4.766869873046875,0.05332008677721023,0.014271796056441962,-0.013928431687090778
1772558653182781700,4.78678173828125,0.07247311553657054,0.006007843846362083,0.006847814359929179
1772558653202693600,4.806693603515625,0.06454349158108234,0.003037385801365599,0.008604801537003368
1772558653222606800,4.82660693359375,0.06918284181952476,0.007804691534722224,0.01261607843840029
1772558653242518800,4.846518798828125,0.06753507461249827,-0.007739754806039854,0.02556971141822869
1772558653262431000,4.866430908203125,0.06140051738023757,-0.011232136099599301,0.033685325215780174
1772558653282344000,4.886343994140625,0.07531506096422672,0.004379347595386207,0.02213174317604862
1772558653302255900,4.906255859375,0.054365211915969845,0.002055991814890876,0.01816930239354842
1772558653322168800,4.9261689453125,0.06917758112251758,-0.00239187270575203,0.024092229594057425
1772558653342080800,4.946080810546875,0.055112815412878984,-0.001182606513844803,0.010516965576057554
1772558653361993000,4.965992919921875,0.04613631275296211,-0.006130018054461107,0.005525759417843073
1772558653381906000,4.985906005859375,0.07322130355536938,0.008727341071283444,-0.0029002617609512524
1772558653401817900,5.00581787109375,0.04643675700426102,0.00747569704237394,0.003646207590313861
1772558653421729800,5.025729736328125,0.06035188511013984,0.01254842459624633,0.003874325249274261
1772558653441642800,5.045642822265625,0.04478957431912422,0.024705329124256967,-0.005058455858280649
1772558653461554700,5.0655546875,0.07771160071194172,0.026240977726317942,0.0043173825668578495
1772558653481467600,5.085467529296875,0.059307344493269916,0.00008211619234643876,0.021789838969777337
1772558653501379800,5.1053798828125,0.06948270154893398,-0.002063809795165434,0.02256806593381334
1772558653521291800,5.125291748046875,0.0621533815741539,0.004847485696943476,0.024971261467889416
1772558653541204700,5.145204833984375,0.055119829675555225,-0.007540980830928311,0.014670235630875685
1772558653561116700,5.16511669921875,0.07023498122096061,-0.008436093906592577,0.010223101762594887
1772558653581028600,5.185028564453125,0.06978489936590195,0.001842641325155273,0.010266537903877906
1772558653600941600,5.204941650390625,0.05197919356226921,-0.0011010657102335244,0.005515225465741241
1772558653620853800,5.224853759765625,0.06110708739161491,0.013096678729308768,0.0034064303179562557
1772558653640765700,5.244765625,0.06469663631618022,0.003853953748103231,-0.013719123759877402
1772558653660679000,5.264678955078125,0.07382628371119498,0.012310588119225576,0.0005818047762149944
1772558653680590800,5.2845908203125,0.07083353163599967,-0.0002578198191244155,-0.0014624155441357288
1772558653700503800,5.30450390625,0.06350012000799178,0.0001475095787551254,0.012195186145207844
1772558653720415700,5.324415771484375,0.060057286077737804,0.00204686779351905,0.020682334385602734
1772558653740328000,5.344327880859375,0.08010755593776703,0.006968816099315881,0.02178568795104511
1772558653760241000,5.364240966796875,0.057062780436873434,-0.00004783033025451004,0.024979885449050925
1772558653780152800,5.38415283203125,0.060953942656517025,-0.01761201899559237,0.01112838688911288
1772558653800064800,5.404064697265625,0.07756313215196133,-0.011846514271432533,0.022237575887411366
1772558653819977700,5.423977783203125,0.06783727242946624,0.004712917798152193,0.017722152281092713
1772558653839889700,5.4438896484375,0.059009822851419445,-0.009612654272140935,0.021454547167383133
1772558653859802600,5.463802734375,0.0792114838808775,0.024266691111819817,0.0006720631758216769
1772558653879714800,5.48371484375,0.045994858455657955,0.015249673778424039,-0.0019374937014887109
1772558653899626800,5.503626708984375,0.05138356575667858,0.005920567421708256,-0.009856216095405398
1772558653919539700,5.523539794921875,0.07173369534611701,-0.0011994480507913977,-0.007461490420508198
1772558653939451600,5.54345166015625,0.058413610523939126,0.004312036246526986,-0.004394797467911849
1772558653959363600,5.563363525390625,0.06799100168645382,0.018632448084512726,-0.0043728836052701805
1772558653979276500,5.583276611328125,0.060358899372816084,0.0039853615754283965,0.009673742517834762
1772558653999188700,5.603188720703125,0.06454816775619983,0.012435776268318295,0.02421143096035812
1772558654019100700,5.6231005859375,0.06769172647893429,0.003895911459997296,0.030882634086278265
1772558654039014000,5.643013916015625,0.06769114195704459,-0.0035566695682704447,0.01729840816039941
1772558654058925800,5.66292578125,0.05736848538517952,-0.0015271821678150444,0.009799450115091167
1772558654078837800,5.682837646484375,0.06320493645370007,-0.019887106054415925,0.006140622788510517
1772558654098750700,5.702750732421875,0.07083820781111717,-0.005794685152871534,0.008730239706201246
1772558654118663000,5.722662841796875,0.060363575547933576,0.011107632937096058,0.013547903370327548
1772558654138576000,5.742575927734375,0.06006663842797279,0.00590966243520379,-0.0010394123506033792
1772558654158487800,5.76248779296875,0.06485562627017498,0.016018767587933688,-0.006878137574600987
1772558654178399700,5.782399658203125,0.05647475141584873,0.017471898138849064,-0.006346478383312933
1772558654198312700,5.802312744140625,0.060064300340414045,0.009102677189698443,0.003569827019009972
1772558654218224600,5.822224609375,0.06574994476139545,0.0029187917898409067,0.016567916770139707
1772558654238136800,5.84213671875,0.07233516837060451,-0.003120524907018989,0.017633024109358665
1772558654258049800,5.8620498046875,0.05826981813907623,-0.004829009325336664,0.012944085408415412
1772558654277961700,5.881961669921875,0.06545008503198624,-0.01092489678133279,0.020258592548198066
1772558654297873700,5.901873779296875,0.06260813960433007,-0.010602459893934428,0.016066596776543884
1772558654317786600,5.92178662109375,0.06979366719424725,-0.016421466637309638,0.025100205626781096
1772558654337698800,5.94169873046875,0.06321019715070725,-0.006731481945794075,0.011534182077873264
1772558654357610800,5.96161083984375,0.0738344670176506,0.007921221453323959,0.013783449708850821
1772558654377523700,5.981523681640625,0.06201426536440849,0.012439712657919154,0.0016644637551449703
1772558654397435600,6.001435546875,0.07458265503644942,0.009559334916016087,0.0012409433967375662
1772558654417348000,6.02134814453125,0.0733855542063713,-0.0027215156520716843,-0.0032095058066362978
1772558654437260000,6.041260009765625,0.07503273689150809,-0.006023160146502777,0.004437150188739179
1772558654457172200,6.061172119140625,0.07667816601097584,0.009869314180640503,0.012661364043474895
1772558654477085200,6.081085205078125,0.06934416986107826,0.01094460612880066,0.026662548156233968
1772558654496997000,6.1009970703125,0.06380757852196693,0.008093664543936029,0.003847876775410259
1772558654516909000,6.120908935546875,0.06635024874210357,-0.0156623918983154,0.02569052250301465
1772558654536822000,6.140822021484375,0.06919219416975975,-0.002045552619267255,0.009335691361129283
1772558654556734200,6.160734130859375,0.06365501830875873,0.00038498072959482666,0.02213873232254991
1772558654576646100,6.180646240234375,0.06515080982446671,0.0005936002452857792,0.006311879710678476
1772558654596559000,6.20055908203125,0.062007835623621936,-0.0017150876890402286,0.011378579382563475
1772558654616471000,6.220470947265625,0.07831658086776733,-0.0015079842770006507,0.007277361458679661
1772558654636383000,6.240383056640625,0.062004913014173504,0.0002826345999725163,0.010441746057022827
1772558654656296000,6.2602958984375,0.06709142249822617,0.009801537040900438,-0.0013727199751767329
1772558654676208000,6.2802080078125,0.05826280387639999,-0.008585156121617183,0.00048696381632471456
1772558654696120000,6.3001201171875,0.08011047854721545,0.0009394180082716047,0.01377624022499658
1772558654716033000,6.320032958984375,0.06544482433497906,0.0038848968756385145,-0.001510881770274136
1772558654735945000,6.339945068359375,0.04868365914821624,0.0018399653108790515,0.02624516071109101
1772558654755857000,6.35985693359375,0.07097790854275227,0.0040924569454044105,0.012691868779592913
1772558654775769900,6.379769775390625,0.04538987829983234,-0.00574345728913322,0.0035923299701185896
1772558654795682000,6.39968212890625,0.06753565913438797,0.00954768101084046,0.02440076582026668
1772558654815594000,6.419593994140625,0.06514087295234203,0.0014197945368941871,0.014608278593857538
1772558654835507200,6.439507080078125,0.07396832253038883,0.012889045594306661,0.009483305971161461
1772558654855419100,6.459419189453125,0.04867839845120907,0.002282594511844218,0.004679237007547635
1772558654875332000,6.47933203125,0.052418169501423834,0.0060985452039632945,0.01206403062127647
1772558654895244000,6.499244140625,0.07277005265653133,-0.009291797420475631,0.013722326072183204
1772558654915156200,6.51915625,0.060650575795769684,-0.0007418861421756446,0.007595109612873056
1772558654935069200,6.539069091796875,0.0639437721222639,-0.015829629090847445,0.0018028687204816377
1772558654954981000,6.558981201171875,0.07935586078763007,-0.025020340757025403,-0.001795930947974557
1772558654974893000,6.57889306640625,0.06035188511013984,-0.0015558054741006344,-0.0032762977073318325
1772558654994806000,6.598805908203125,0.07172375847399234,0.009145475151808932,0.00866611354498309
1772558655014718000,6.618718017578125,0.057656654676795004,0.009136780388699844,0.0032179265751095952
1772558655034630100,6.638630126953125,0.06753215200304985,0.0048840274482034145,0.004870465855376096
1772558655054543000,6.658543212890625,0.06139701024889946,0.004458331115730106,0.008661863203195388
1772558655074455000,6.678455078125,0.06304127032458781,-0.005626918237376958,0.012823206966614816
1772558655094367000,6.698366943359375,0.054958501634001726,-0.0027071309336926786,-0.015268023427511797
1772558655114280000,6.718280029296875,0.0619920535326004,0.0024885106137953698,0.0014312109800521282
1772558655134191900,6.73819189453125,0.059148354539275166,0.009406107982527464,0.012500821453210664
1772558655154104000,6.75810400390625,0.051664136263728136,0.012335539897391572,0.011961014346440788
1772558655174017000,6.77801708984375,0.05839607486724853,0.016239963457407428,0.017922837368788896
1772558655193929000,6.797928955078125,0.056152095332741736,-0.007760843259841203,0.010231361559219658
1772558655213841000,6.8178408203125,0.06752513774037361,-0.004708981408551335,0.019931876777904107
1772558655233754000,6.837754150390625,0.06288754106760025,0.005355216023372486,0.012262006587011274
1772558655253666000,6.857666015625,0.05944587618112564,0.003567364492220804,0.007551599264709511
1772558655273578200,6.877578125,0.056602177187800404,-0.000411905269138515,0.014714317942841443
1772558655293491200,6.8974912109375,0.06857260096669196,0.005451150678517296,0.01026908833727939
1772558655313403100,6.917403076171875,0.058847325766086575,-0.00005977649637497961,0.013044989641266875
1772558655333315000,6.937315185546875,0.051665889829397196,-0.0013744666909798978,0.0007783114457153715
1772558655353228000,6.95722802734375,0.06034720893502235,-0.0025804906130302697,0.0034034677509567697
1772558655373140200,6.97714013671875,0.07097381688952445,0.00506634347885847,0.0038792582943628076
1772558655393052200,6.99705224609375,0.06214753635525703,-0.0043992122064810246,0.002747430978040211
1772558655412965400,7.01696533203125,0.045538346859812735,-0.0001486329567618668,0.01729264057331602
1772558655432877300,7.036877197265625,0.07337152568101883,-0.008586105969687924,0.020443057153455447
1772558655452789200,7.056789306640625,0.06409457876980304,0.009934433572413399,-0.0008240799663355574
1772558655472702200,7.0767021484375,0.05092471607327461,-0.0002095328311435878,0.011702375968341948
1772558655492614100,7.0966142578125,0.06678454850614071,0.015713427965808657,0.00568164524094318
1772558655512526300,7.1165263671875,0.048527591803669924,0.017146492976229638,-0.00126937833171105
1772558655532439600,7.136439453125,0.060650575795769684,0.007635518113430589,0.006728654092823853
1772558655552351500,7.1563515625,0.07067629524767398,0.0017579952490050345,0.018621858191839417
1772558655572263400,7.176263427734375,0.058255205091834066,0.008925521391350775,0.01980135943314526
1772558655592176400,7.19617626953125,0.05615910959541797,0.009830187746649607,0.0004730129227857105
1772558655612088300,7.21608837890625,0.06543488746285438,0.006995978100877254,0.000842108813370578
1772558655632000500,7.23600048828125,0.06737959178984165,0.00015887122298590837,0.0012614541785151232
1772558655651913500,7.25591357421875,0.06887596782743931,0.005412270839698612,-0.0036038297533115835
1772558655671825400,7.275825439453125,0.0667804568529129,-0.004445343769993633,0.006280647747131297
1772558655691737300,7.2957373046875,0.06483575252592563,-0.0013320888539776205,-0.01337103298305883
1772558655711650300,7.315650390625,0.06274024155139923,0.011287135956156998,-0.012407767166674601
1772558655731562500,7.3355625,0.056905544048547745,0.004120778857590631,0.014531069188780383
1772558655751474400,7.355474365234375,0.06678337946236133,0.009210548877809196,0.0057780582450563086
1772558655771387400,7.375387451171875,0.0581055674880743,-0.0029168738273903727,0.004695457489986438
1772558655791299300,7.39529931640625,0.06259469560086726,-0.008289671173226088,0.008602934948547044
1772558655811211300,7.415211181640625,0.06483867513537407,0.0035508974146097896,0.008610595381906023
1772558655831124200,7.435124267578125,0.05870353338122367,-0.012892068668454885,0.013029822896531549
1772558655851036400,7.455036376953125,0.07052373503446578,0.009718973323982208,0.005105931137152947
1772558655870948400,7.4749482421875,0.04373860396146774,0.010265272961976006,0.017278062917047646
1772558655890861300,7.494861328125,0.05391571458280086,0.003273432180099189,0.03127979844401125
1772558655910773200,7.514773193359375,0.05645370862782001,0.007606776076136156,-0.003931625519128283
1772558655930685200,7.534685302734375,0.058392567735910415,-0.024950097665563224,-0.03173678268060321
1772558655950598400,7.554598388671875,0.07230594227612018,-0.01853814826402813,-0.00350285245522391
1772558655970510600,7.574510498046875,0.055549453264474864,0.0030413678567390886,0.016035733564110706
1772558655990422500,7.594422607421875,0.08473813834786414,0.014605000933026894,0.022386558187333865
1772558656010335500,7.61433544921875,0.03296761910021305,0.029731669386290013,-0.017270449291105616
